-0.00123843425073029830,
0.00106333733330599320,
0.00073215083104781248,
0.00051504586871541221,
0.00036056986897710998,
0.00023895772754832918,
0.00013673757318448742,
0.00005163714272759143,
-0.00001248469602287073,
-0.00005043192253565498,
-0.00005958926314406049,
-0.00004230462370272408,
-0.00000639112128117688,
0.00003625190078359106,
0.00007243228994893799,
0.00009100956201141574,
0.00008585616541846254,
0.00005752752473071921,
0.00001316491421685447,
-0.00003540018072026523,
-0.00007489193805509700,
-0.00009425048476042596,
-0.00008776058919388011,
-0.00005676287477619400,
-0.00000939993216037878,
0.00004149485106078342,
0.00008186590223003470,
0.00010032199062203529,
0.00009132836894625327,
0.00005686064828916428,
0.00000599129654902769,
-0.00004749169944688236,
-0.00008881634207162021,
-0.00010631140520291054,
-0.00009468392710876331,
-0.00005663050322354412,
-0.00000210011768916780,
0.00005363630238396792,
0.00009673483782296530,
0.00011113262390198732,
0.00009938827670635526,
0.00005530843030526677,
-0.00000274435172766209,
-0.00005988442116944733,
-0.00010346496150423849,
-0.00011946800889062480,
-0.00010131075454778113,
-0.00005447812881322420,
0.00000739557559485759,
0.00006786858713046109,
0.00011111848665259117,
0.00012498256826113600,
0.00010447467056434007,
0.00005417192515910709,
-0.00001244108524218186,
-0.00007677909345609852,
-0.00012067769693687092,
-0.00013163788020865495,
-0.00010626112230889389,
-0.00005114120402788252,
0.00001893287570624647,
0.00008490471523385597,
0.00012853599022932843,
0.00013741445888374340,
0.00010846117212565847,
0.00004897786828208250,
-0.00002513197109224432,
-0.00009361302269491330,
-0.00013738401581762463,
-0.00014386555283064660,
-0.00011060035176812254,
-0.00004611209508936449,
0.00003225835778569011,
0.00010304012463550869,
0.00014645435964259846,
0.00015012353407003396,
0.00011205912816449523,
0.00004280000169130112,
-0.00004026513145918335,
-0.00011247906815628458,
-0.00015578263209662199,
-0.00015614944196399178,
-0.00011308981273691886,
-0.00003863598943418513,
0.00004801003939000901,
0.00012306536521635149,
0.00016489175286756507,
0.00016165596538502075,
0.00011396197021042074,
0.00003399909356355308,
-0.00005692073221137328,
-0.00013356523608989296,
-0.00017422930115627334,
-0.00016724988744320452,
-0.00011404520461029638,
-0.00002854408745243257,
0.00006631258157335863,
0.00014445100135162148,
0.00018380608492944302,
0.00017276055991678096,
0.00011365806817494520,
0.00002223293740115978,
-0.00007668302523599225,
-0.00015591843190566993,
-0.00019332542756020485,
-0.00017787107175128568,
-0.00011291823802022560,
-0.00001560894719847396,
0.00008760791317512963,
0.00016817627093996309,
0.00020339234923511210,
0.00018280880419251772,
0.00011133451295870535,
0.00000797201655804079,
-0.00009905493839809059,
-0.00018044599452140026,
-0.00021292023900896766,
-0.00018743098124362654,
-0.00010929328598072161,
-0.00000016751434133104,
0.00011083139426365106,
0.00019295172995820365,
0.00022266321883204979,
0.00019140762328612019,
0.00010680080237554222,
-0.00000881075541048706,
-0.00012359834025463376,
-0.00020573614131123017,
-0.00023227306549067036,
-0.00019496986128380342,
-0.00010302454030703137,
0.00001880646621199439,
0.00013710968549057026,
0.00021921882921360436,
0.00024199293333029284,
0.00019814973401667139,
0.00009874747017821537,
-0.00002945435877600138,
-0.00015132717003299575,
-0.00023312145804290808,
-0.00025173147279035471,
-0.00020106577576864840,
-0.00009404067604642839,
0.00004057097467047244,
0.00016588354573925901,
0.00024706879745676504,
0.00026108723147815410,
0.00020316958960762556,
0.00008830242799100629,
-0.00005260559929225161,
-0.00018099388667539067,
-0.00026112488435697361,
-0.00027014922030941781,
-0.00020445689447631585,
-0.00008136376054709041,
0.00006614898940769552,
0.00019723131433904475,
0.00027590370659508770,
0.00027925489507047146,
0.00020554132568623238,
0.00007403299789677632,
-0.00007996562204241084,
-0.00021391992362711557,
-0.00029057900693920671,
-0.00028806798013117200,
-0.00020579650245359371,
-0.00006548529120578491,
0.00009471209114607784,
0.00023089918536613576,
0.00030513966163759823,
0.00029594134208903774,
0.00020472518365640687,
0.00005568057583139146,
-0.00011084360167577605,
-0.00024913812671469471,
-0.00032051055425192455,
-0.00030424513396272646,
-0.00020369745800758479,
-0.00004555389386380991,
0.00012729819534193330,
0.00026731117733177367,
0.00033527946459901991,
0.00031138749488540261,
0.00020105156912911419,
0.00003365727198504201,
-0.00014530959634045628,
-0.00028656667267944099,
-0.00035055555470418618,
-0.00031850258580638227,
-0.00019798629093274180,
-0.00002114855415126535,
0.00016381521955519541,
0.00030599797724048674,
0.00036542411845034886,
0.00032477010511269827,
0.00019364812173549990,
0.00000738049725348450,
-0.00018349787886828478,
-0.00032614487481461729,
-0.00038046046697568685,
-0.00033044799634279081,
-0.00018840508114500800,
0.00000757530294262428,
0.00020397678742809064,
0.00034665824701901517,
0.00039540524982832842,
0.00033543116736203408,
0.00018199899396565902,
-0.00002370948761538146,
-0.00022558355432364505,
-0.00036771888304948239,
-0.00041003728661119455,
-0.00033962531781827233,
-0.00017447313201346331,
0.00004108804051120576,
0.00024811754268928436,
0.00038922768545210688,
0.00042459706446961126,
0.00034310933342752628,
0.00016574163106760961,
-0.00005973860042515292,
-0.00027159771461457498,
-0.00041108454653998431,
-0.00043877441982515924,
-0.00034561613644283786,
-0.00015576362091914716,
0.00007957865820730281,
0.00029594982816137758,
0.00043328782998460435,
0.00045267700223518867,
0.00034722732475643103,
0.00014454319236383289,
-0.00010074654662586985,
-0.00032124069661554382,
-0.00045585054829399592,
-0.00046609664312096609,
-0.00034773415318593907,
-0.00013180670454128796,
0.00012331550704794907,
0.00034753090246760409,
0.00047859903769402316,
0.00047907816079983018,
0.00034712808173551315,
0.00011764801563316022,
-0.00014721955259898526,
-0.00037477947188545199,
-0.00050162377663667509,
-0.00049147893460093392,
-0.00034544858515547132,
-0.00010209849224179969,
0.00017254575460507140,
0.00040293347152161669,
0.00052488031012909767,
0.00050337101938370576,
0.00034251791721742216,
0.00008501267185477908,
-0.00019916909773643994,
-0.00043187310290590351,
-0.00054819826803073277,
-0.00051451640083059367,
-0.00033823666986649122,
-0.00006630907741956516,
0.00022729578842631986,
0.00046174692453954379,
0.00057156215960512888,
0.00052482195795578238,
0.00033249642022941544,
0.00004592238684885591,
-0.00025686873184660534,
-0.00049249340517819209,
-0.00059495831928939324,
-0.00053436744699963284,
-0.00032530490023322407,
-0.00002383962073132226,
0.00028798795400032461,
0.00052408529660261636,
0.00061832120689239841,
0.00054295784461917966,
0.00031661608852538465,
0.00000003685114325877,
-0.00032044209072551791,
-0.00055638268894451896,
-0.00064150522231834668,
-0.00055047344693070317,
-0.00030627116048359055,
0.00002560075369917647,
0.00035449673359284949,
0.00058948401371265995,
0.00066452610470473113,
0.00055690261944644375,
0.00029407963719603198,
-0.00005321471651058650,
-0.00039008402531192255,
-0.00062336926368354367,
-0.00068732230874073597,
-0.00056215752338207409,
-0.00028016115786478826,
0.00008268206550470969,
0.00042716996654357546,
0.00065790757844820698,
0.00070974042781953050,
0.00056615628475076437,
0.00026441802004931501,
-0.00011407883610781136,
-0.00046574234808782012,
-0.00069305487327969185,
-0.00073169018780834354,
-0.00056865541395911476,
-0.00024655822056263377,
0.00014766115522071524,
0.00050592031007697536,
0.00072887927123096627,
0.00075317586244705715,
0.00056973607721378782,
0.00022662867731159793,
-0.00018334970944070580,
-0.00054771562750930921,
-0.00076530365082386990,
-0.00077413540717420517,
-0.00056921536649196555,
-0.00020456478742994567,
0.00022111950316983596,
0.00059098184818039796,
0.00080213265460225478,
0.00079430879628879778,
0.00056692510079867260,
0.00018008044351477365,
-0.00026129053706758589,
-0.00063596297475666764,
-0.00083961230862185507,
-0.00081382229170201027,
-0.00056287817126630274,
-0.00015332981387538802,
0.00030366739720672468,
0.00068246436608886433,
0.00087742535936943876,
0.00083241812500646939,
0.00055690523114909770,
0.00012409002894706874,
-0.00034841921680077063,
-0.00073054765073681969,
-0.00091560024048775615,
-0.00084999815177223619,
-0.00054874030002817194,
-0.00009207889939197640,
0.00039574661187597528,
0.00078036401082856241,
0.00095419631808023341,
0.00086662913077079832,
0.00053849310646226145,
0.00005748850621612123,
-0.00044546318083253411,
-0.00083163627459708440,
-0.00099290891903259636,
-0.00088190241748669577,
-0.00052577881958503717,
-0.00001987673091048707,
0.00049795198127218824,
0.00088478342537576433,
0.00103204651847916930,
0.00089605342786518768,
0.00051074618576757371,
-0.00002061124401600558,
-0.00055302442272289168,
-0.00093943066349096681,
-0.00107121344347020250,
-0.00090867608051025696,
-0.00049297208642765371,
0.00006429613487117008,
0.00061098553780593822,
0.00099587534046586645,
0.00111052690806660950,
0.00091979860889562879,
0.00047244443258845776,
-0.00011126677909905944,
-0.00067180289652560776,
-0.00105396292895491550,
-0.00114984990014067630,
-0.00092922684099928953,
-0.00044891468703921059,
0.00016173037447121352,
0.00073568222336548559,
0.00111385619195203510,
0.00118918229626291200,
0.00093682741666938703,
0.00042223558033311834,
-0.00021586175084861999,
-0.00080272524596880404,
-0.00117556146822017170,
-0.00122843293440656210,
-0.00094250310641493895,
-0.00039225318307519803,
0.00027377231525397145,
0.00087304494720636826,
0.00123908242203813930,
0.00126752631901897720,
0.00094599485296688638,
0.00035864834487850150,
-0.00033580863233094807,
-0.00094686187550810049,
-0.00130449654591583510,
-0.00130641349172732550,
-0.00094719199727338508,
-0.00032121527349122323,
0.00040214486530800787,
0.00102431455384960870,
0.00137189976472222170,
0.00134502399588831030,
0.00094593757419944027,
0.00027976906053849189,
-0.00047304923276535535,
-0.00110561408490584320,
-0.00144138003609492490,
-0.00138335232795831480,
-0.00094201046909076554,
-0.00023395643200497612,
0.00054881159803450361,
0.00119096277889028370,
0.00151297179393424870,
0.00142120997940124030,
0.00093513194181615953,
0.00018345555287458941,
-0.00062981071461025049,
-0.00128070075479327940,
-0.00158685328954318480,
-0.00145862071179244110,
-0.00092509377006621759,
-0.00012790122072519085,
0.00071643720289073839,
0.00137509248360403360,
0.00166317109060302700,
0.00149551337479555440,
0.00091167470976700115,
0.00006691388006578707,
-0.00080909552223813166,
-0.00147451504698935360,
-0.00174210332159974430,
-0.00153184240196569150,
-0.00089457330333519492,
-0.00000003445506049871,
0.00090826912436237886,
0.00157932125677006320,
0.00182380460416288640,
0.00156745982000449620,
0.00087339849140702396,
-0.00007326555263154502,
-0.00101460174973425810,
-0.00169006986274322280,
-0.00190858178364322420,
-0.00160238871087477720,
-0.00084779851722414327,
0.00015360788892682757,
0.00112872780129792860,
0.00180730219175827770,
0.00199671059151911240,
0.00163651185322320710,
0.00081735090376007383,
-0.00024166175322366476,
-0.00125144430425694620,
-0.00193166539634114860,
-0.00208852819611657620,
-0.00166978188341782650,
-0.00078157320681561295,
0.00033826514605415448,
0.00138368377012654410,
0.00206400963916706680,
0.00218453593220987620,
0.00170215852526489090,
0.00073984280287440920,
-0.00044441539336200018,
-0.00152661438480291040,
-0.00220529518303616080,
-0.00228526221853070060,
-0.00173358324146894240,
-0.00069155907425946144,
0.00056116737230348795,
0.00168146806214496020,
0.00235662246394264390,
0.00239132508688098910,
0.00176394617036161840,
0.00063583943489230936,
-0.00068996725181281321,
-0.00184992812895199170,
-0.00251944646101446690,
-0.00250353334936353210,
-0.00179322980537814760,
-0.00057174049708781118,
0.00083249543052419002,
0.00203394066420497150,
0.00269552933039891040,
0.00262295686627246140,
0.00182140359610538650,
0.00049813917415584381,
-0.00099074066307553018,
-0.00223587824028056600,
-0.00288690490056650380,
-0.00275072056448175290,
-0.00184832052885173050,
-0.00041347914602092052,
0.00116735064558761950,
0.00245886199326441700,
0.00309640768810237700,
0.00288858218652626730,
0.00187405787423992760,
0.00031610702128866407,
-0.00136536387299043090,
-0.00270654219155555150,
-0.00332728471560089340,
-0.00303837737903097470,
-0.00189844369492873340,
-0.00020362284038223332,
0.00158894182989096930,
0.00298386425392239840,
0.00358396436796266450,
0.00320278253539560240,
0.00192148888119602120,
0.00007315313060244617,
-0.00184329956829837780,
-0.00329715208333932220,
-0.00387219721361848310,
-0.00338527849628297630,
-0.00194321619531850770,
0.00007908720743734760,
0.00213531141749254830,
0.00365463228576168090,
0.00419939868695300400,
0.00359028052987815000,
0.00196342214323582060,
-0.00025831116041375427,
-0.00247432340999287170,
-0.00406769076642006340,
-0.00457595298988996810,
-0.00382415374510678080,
-0.00198223707643063520,
0.00047139868516330884,
0.00287299035312530300,
0.00455174812571971020,
0.00501597148951693320,
0.00409542869426847770,
0.00199945184800135070,
-0.00072833850969114501,
-0.00334950865606646220,
-0.00512911996805587300,
-0.00553999226037494780,
-0.00441678335503464890,
-0.00201520065510552930,
0.00104327922140078360,
0.00393017319066350100,
0.00583224545030430060,
0.00617809239631247030,
0.00480678874810985990,
0.00202937467174156340,
-0.00143785221909883440,
-0.00465519541835005940,
-0.00671113739414128800,
-0.00697698395728521460,
-0.00529455154500971680,
-0.00204192425138119680,
0.00194631583221004060,
0.00558895334913425690,
0.00784662040802194120,
0.00801294168524842480,
0.00592817363851366740,
0.00205284603128338140,
-0.00262632069318931160,
-0.00684117293253548240,
-0.00937828161396962560,
-0.00941940124872918220,
-0.00679290938830338140,
-0.00206213079689674710,
0.00358332130676185980,
0.00861578384823390160,
0.01156988787410521300,
0.01145317768577889400,
0.00805604209263081560,
0.00206975790533111110,
-0.00503279892617810450,
-0.01133918905426897400,
-0.01498666567589273200,
-0.01467913658299641200,
-0.01009604790347620200,
-0.00207570070796072240,
0.00749446758895970420,
0.01607743465803774400,
0.02109836678018141300,
0.02063082039845161300,
0.01399046236707113300,
0.00207996118208961370,
-0.01262199713279327400,
-0.02645528154152700100,
-0.03529431616599437000,
-0.03544243872642714000,
-0.02451109682218343900,
-0.00208251746571341740,
0.03000684404296604200,
0.06784634109806374200,
0.10607880354605931000,
0.13885973124648801000,
0.16095510451302711000,
0.16875004071914995000,
0.16095510451302711000,
0.13885973124648801000,
0.10607880354605931000,
0.06784634109806374200,
0.03000684404296604200,
-0.00208251746571341740,
-0.02451109682218343900,
-0.03544243872642714000,
-0.03529431616599437000,
-0.02645528154152700100,
-0.01262199713279327400,
0.00207996118208961370,
0.01399046236707113300,
0.02063082039845161300,
0.02109836678018141300,
0.01607743465803774400,
0.00749446758895970420,
-0.00207570070796072240,
-0.01009604790347620200,
-0.01467913658299641200,
-0.01498666567589273200,
-0.01133918905426897400,
-0.00503279892617810450,
0.00206975790533111110,
0.00805604209263081560,
0.01145317768577889400,
0.01156988787410521300,
0.00861578384823390160,
0.00358332130676185980,
-0.00206213079689674710,
-0.00679290938830338140,
-0.00941940124872918220,
-0.00937828161396962560,
-0.00684117293253548240,
-0.00262632069318931160,
0.00205284603128338140,
0.00592817363851366740,
0.00801294168524842480,
0.00784662040802194120,
0.00558895334913425690,
0.00194631583221004060,
-0.00204192425138119680,
-0.00529455154500971680,
-0.00697698395728521460,
-0.00671113739414128800,
-0.00465519541835005940,
-0.00143785221909883440,
0.00202937467174156340,
0.00480678874810985990,
0.00617809239631247030,
0.00583224545030430060,
0.00393017319066350100,
0.00104327922140078360,
-0.00201520065510552930,
-0.00441678335503464890,
-0.00553999226037494780,
-0.00512911996805587300,
-0.00334950865606646220,
-0.00072833850969114501,
0.00199945184800135070,
0.00409542869426847770,
0.00501597148951693320,
0.00455174812571971020,
0.00287299035312530300,
0.00047139868516330884,
-0.00198223707643063520,
-0.00382415374510678080,
-0.00457595298988996810,
-0.00406769076642006340,
-0.00247432340999287170,
-0.00025831116041375427,
0.00196342214323582060,
0.00359028052987815000,
0.00419939868695300400,
0.00365463228576168090,
0.00213531141749254830,
0.00007908720743734760,
-0.00194321619531850770,
-0.00338527849628297630,
-0.00387219721361848310,
-0.00329715208333932220,
-0.00184329956829837780,
0.00007315313060244617,
0.00192148888119602120,
0.00320278253539560240,
0.00358396436796266450,
0.00298386425392239840,
0.00158894182989096930,
-0.00020362284038223332,
-0.00189844369492873340,
-0.00303837737903097470,
-0.00332728471560089340,
-0.00270654219155555150,
-0.00136536387299043090,
0.00031610702128866407,
0.00187405787423992760,
0.00288858218652626730,
0.00309640768810237700,
0.00245886199326441700,
0.00116735064558761950,
-0.00041347914602092052,
-0.00184832052885173050,
-0.00275072056448175290,
-0.00288690490056650380,
-0.00223587824028056600,
-0.00099074066307553018,
0.00049813917415584381,
0.00182140359610538650,
0.00262295686627246140,
0.00269552933039891040,
0.00203394066420497150,
0.00083249543052419002,
-0.00057174049708781118,
-0.00179322980537814760,
-0.00250353334936353210,
-0.00251944646101446690,
-0.00184992812895199170,
-0.00068996725181281321,
0.00063583943489230936,
0.00176394617036161840,
0.00239132508688098910,
0.00235662246394264390,
0.00168146806214496020,
0.00056116737230348795,
-0.00069155907425946144,
-0.00173358324146894240,
-0.00228526221853070060,
-0.00220529518303616080,
-0.00152661438480291040,
-0.00044441539336200018,
0.00073984280287440920,
0.00170215852526489090,
0.00218453593220987620,
0.00206400963916706680,
0.00138368377012654410,
0.00033826514605415448,
-0.00078157320681561295,
-0.00166978188341782650,
-0.00208852819611657620,
-0.00193166539634114860,
-0.00125144430425694620,
-0.00024166175322366476,
0.00081735090376007383,
0.00163651185322320710,
0.00199671059151911240,
0.00180730219175827770,
0.00112872780129792860,
0.00015360788892682757,
-0.00084779851722414327,
-0.00160238871087477720,
-0.00190858178364322420,
-0.00169006986274322280,
-0.00101460174973425810,
-0.00007326555263154502,
0.00087339849140702396,
0.00156745982000449620,
0.00182380460416288640,
0.00157932125677006320,
0.00090826912436237886,
-0.00000003445506049871,
-0.00089457330333519492,
-0.00153184240196569150,
-0.00174210332159974430,
-0.00147451504698935360,
-0.00080909552223813166,
0.00006691388006578707,
0.00091167470976700115,
0.00149551337479555440,
0.00166317109060302700,
0.00137509248360403360,
0.00071643720289073839,
-0.00012790122072519085,
-0.00092509377006621759,
-0.00145862071179244110,
-0.00158685328954318480,
-0.00128070075479327940,
-0.00062981071461025049,
0.00018345555287458941,
0.00093513194181615953,
0.00142120997940124030,
0.00151297179393424870,
0.00119096277889028370,
0.00054881159803450361,
-0.00023395643200497612,
-0.00094201046909076554,
-0.00138335232795831480,
-0.00144138003609492490,
-0.00110561408490584320,
-0.00047304923276535535,
0.00027976906053849189,
0.00094593757419944027,
0.00134502399588831030,
0.00137189976472222170,
0.00102431455384960870,
0.00040214486530800787,
-0.00032121527349122323,
-0.00094719199727338508,
-0.00130641349172732550,
-0.00130449654591583510,
-0.00094686187550810049,
-0.00033580863233094807,
0.00035864834487850150,
0.00094599485296688638,
0.00126752631901897720,
0.00123908242203813930,
0.00087304494720636826,
0.00027377231525397145,
-0.00039225318307519803,
-0.00094250310641493895,
-0.00122843293440656210,
-0.00117556146822017170,
-0.00080272524596880404,
-0.00021586175084861999,
0.00042223558033311834,
0.00093682741666938703,
0.00118918229626291200,
0.00111385619195203510,
0.00073568222336548559,
0.00016173037447121352,
-0.00044891468703921059,
-0.00092922684099928953,
-0.00114984990014067630,
-0.00105396292895491550,
-0.00067180289652560776,
-0.00011126677909905944,
0.00047244443258845776,
0.00091979860889562879,
0.00111052690806660950,
0.00099587534046586645,
0.00061098553780593822,
0.00006429613487117008,
-0.00049297208642765371,
-0.00090867608051025696,
-0.00107121344347020250,
-0.00093943066349096681,
-0.00055302442272289168,
-0.00002061124401600558,
0.00051074618576757371,
0.00089605342786518768,
0.00103204651847916930,
0.00088478342537576433,
0.00049795198127218824,
-0.00001987673091048707,
-0.00052577881958503717,
-0.00088190241748669577,
-0.00099290891903259636,
-0.00083163627459708440,
-0.00044546318083253411,
0.00005748850621612123,
0.00053849310646226145,
0.00086662913077079832,
0.00095419631808023341,
0.00078036401082856241,
0.00039574661187597528,
-0.00009207889939197640,
-0.00054874030002817194,
-0.00084999815177223619,
-0.00091560024048775615,
-0.00073054765073681969,
-0.00034841921680077063,
0.00012409002894706874,
0.00055690523114909770,
0.00083241812500646939,
0.00087742535936943876,
0.00068246436608886433,
0.00030366739720672468,
-0.00015332981387538802,
-0.00056287817126630274,
-0.00081382229170201027,
-0.00083961230862185507,
-0.00063596297475666764,
-0.00026129053706758589,
0.00018008044351477365,
0.00056692510079867260,
0.00079430879628879778,
0.00080213265460225478,
0.00059098184818039796,
0.00022111950316983596,
-0.00020456478742994567,
-0.00056921536649196555,
-0.00077413540717420517,
-0.00076530365082386990,
-0.00054771562750930921,
-0.00018334970944070580,
0.00022662867731159793,
0.00056973607721378782,
0.00075317586244705715,
0.00072887927123096627,
0.00050592031007697536,
0.00014766115522071524,
-0.00024655822056263377,
-0.00056865541395911476,
-0.00073169018780834354,
-0.00069305487327969185,
-0.00046574234808782012,
-0.00011407883610781136,
0.00026441802004931501,
0.00056615628475076437,
0.00070974042781953050,
0.00065790757844820698,
0.00042716996654357546,
0.00008268206550470969,
-0.00028016115786478826,
-0.00056215752338207409,
-0.00068732230874073597,
-0.00062336926368354367,
-0.00039008402531192255,
-0.00005321471651058650,
0.00029407963719603198,
0.00055690261944644375,
0.00066452610470473113,
0.00058948401371265995,
0.00035449673359284949,
0.00002560075369917647,
-0.00030627116048359055,
-0.00055047344693070317,
-0.00064150522231834668,
-0.00055638268894451896,
-0.00032044209072551791,
0.00000003685114325877,
0.00031661608852538465,
0.00054295784461917966,
0.00061832120689239841,
0.00052408529660261636,
0.00028798795400032461,
-0.00002383962073132226,
-0.00032530490023322407,
-0.00053436744699963284,
-0.00059495831928939324,
-0.00049249340517819209,
-0.00025686873184660534,
0.00004592238684885591,
0.00033249642022941544,
0.00052482195795578238,
0.00057156215960512888,
0.00046174692453954379,
0.00022729578842631986,
-0.00006630907741956516,
-0.00033823666986649122,
-0.00051451640083059367,
-0.00054819826803073277,
-0.00043187310290590351,
-0.00019916909773643994,
0.00008501267185477908,
0.00034251791721742216,
0.00050337101938370576,
0.00052488031012909767,
0.00040293347152161669,
0.00017254575460507140,
-0.00010209849224179969,
-0.00034544858515547132,
-0.00049147893460093392,
-0.00050162377663667509,
-0.00037477947188545199,
-0.00014721955259898526,
0.00011764801563316022,
0.00034712808173551315,
0.00047907816079983018,
0.00047859903769402316,
0.00034753090246760409,
0.00012331550704794907,
-0.00013180670454128796,
-0.00034773415318593907,
-0.00046609664312096609,
-0.00045585054829399592,
-0.00032124069661554382,
-0.00010074654662586985,
0.00014454319236383289,
0.00034722732475643103,
0.00045267700223518867,
0.00043328782998460435,
0.00029594982816137758,
0.00007957865820730281,
-0.00015576362091914716,
-0.00034561613644283786,
-0.00043877441982515924,
-0.00041108454653998431,
-0.00027159771461457498,
-0.00005973860042515292,
0.00016574163106760961,
0.00034310933342752628,
0.00042459706446961126,
0.00038922768545210688,
0.00024811754268928436,
0.00004108804051120576,
-0.00017447313201346331,
-0.00033962531781827233,
-0.00041003728661119455,
-0.00036771888304948239,
-0.00022558355432364505,
-0.00002370948761538146,
0.00018199899396565902,
0.00033543116736203408,
0.00039540524982832842,
0.00034665824701901517,
0.00020397678742809064,
0.00000757530294262428,
-0.00018840508114500800,
-0.00033044799634279081,
-0.00038046046697568685,
-0.00032614487481461729,
-0.00018349787886828478,
0.00000738049725348450,
0.00019364812173549990,
0.00032477010511269827,
0.00036542411845034886,
0.00030599797724048674,
0.00016381521955519541,
-0.00002114855415126535,
-0.00019798629093274180,
-0.00031850258580638227,
-0.00035055555470418618,
-0.00028656667267944099,
-0.00014530959634045628,
0.00003365727198504201,
0.00020105156912911419,
0.00031138749488540261,
0.00033527946459901991,
0.00026731117733177367,
0.00012729819534193330,
-0.00004555389386380991,
-0.00020369745800758479,
-0.00030424513396272646,
-0.00032051055425192455,
-0.00024913812671469471,
-0.00011084360167577605,
0.00005568057583139146,
0.00020472518365640687,
0.00029594134208903774,
0.00030513966163759823,
0.00023089918536613576,
0.00009471209114607784,
-0.00006548529120578491,
-0.00020579650245359371,
-0.00028806798013117200,
-0.00029057900693920671,
-0.00021391992362711557,
-0.00007996562204241084,
0.00007403299789677632,
0.00020554132568623238,
0.00027925489507047146,
0.00027590370659508770,
0.00019723131433904475,
0.00006614898940769552,
-0.00008136376054709041,
-0.00020445689447631585,
-0.00027014922030941781,
-0.00026112488435697361,
-0.00018099388667539067,
-0.00005260559929225161,
0.00008830242799100629,
0.00020316958960762556,
0.00026108723147815410,
0.00024706879745676504,
0.00016588354573925901,
0.00004057097467047244,
-0.00009404067604642839,
-0.00020106577576864840,
-0.00025173147279035471,
-0.00023312145804290808,
-0.00015132717003299575,
-0.00002945435877600138,
0.00009874747017821537,
0.00019814973401667139,
0.00024199293333029284,
0.00021921882921360436,
0.00013710968549057026,
0.00001880646621199439,
-0.00010302454030703137,
-0.00019496986128380342,
-0.00023227306549067036,
-0.00020573614131123017,
-0.00012359834025463376,
-0.00000881075541048706,
0.00010680080237554222,
0.00019140762328612019,
0.00022266321883204979,
0.00019295172995820365,
0.00011083139426365106,
-0.00000016751434133104,
-0.00010929328598072161,
-0.00018743098124362654,
-0.00021292023900896766,
-0.00018044599452140026,
-0.00009905493839809059,
0.00000797201655804079,
0.00011133451295870535,
0.00018280880419251772,
0.00020339234923511210,
0.00016817627093996309,
0.00008760791317512963,
-0.00001560894719847396,
-0.00011291823802022560,
-0.00017787107175128568,
-0.00019332542756020485,
-0.00015591843190566993,
-0.00007668302523599225,
0.00002223293740115978,
0.00011365806817494520,
0.00017276055991678096,
0.00018380608492944302,
0.00014445100135162148,
0.00006631258157335863,
-0.00002854408745243257,
-0.00011404520461029638,
-0.00016724988744320452,
-0.00017422930115627334,
-0.00013356523608989296,
-0.00005692073221137328,
0.00003399909356355308,
0.00011396197021042074,
0.00016165596538502075,
0.00016489175286756507,
0.00012306536521635149,
0.00004801003939000901,
-0.00003863598943418513,
-0.00011308981273691886,
-0.00015614944196399178,
-0.00015578263209662199,
-0.00011247906815628458,
-0.00004026513145918335,
0.00004280000169130112,
0.00011205912816449523,
0.00015012353407003396,
0.00014645435964259846,
0.00010304012463550869,
0.00003225835778569011,
-0.00004611209508936449,
-0.00011060035176812254,
-0.00014386555283064660,
-0.00013738401581762463,
-0.00009361302269491330,
-0.00002513197109224432,
0.00004897786828208250,
0.00010846117212565847,
0.00013741445888374340,
0.00012853599022932843,
0.00008490471523385597,
0.00001893287570624647,
-0.00005114120402788252,
-0.00010626112230889389,
-0.00013163788020865495,
-0.00012067769693687092,
-0.00007677909345609852,
-0.00001244108524218186,
0.00005417192515910709,
0.00010447467056434007,
0.00012498256826113600,
0.00011111848665259117,
0.00006786858713046109,
0.00000739557559485759,
-0.00005447812881322420,
-0.00010131075454778113,
-0.00011946800889062480,
-0.00010346496150423849,
-0.00005988442116944733,
-0.00000274435172766209,
0.00005530843030526677,
0.00009938827670635526,
0.00011113262390198732,
0.00009673483782296530,
0.00005363630238396792,
-0.00000210011768916780,
-0.00005663050322354412,
-0.00009468392710876331,
-0.00010631140520291054,
-0.00008881634207162021,
-0.00004749169944688236,
0.00000599129654902769,
0.00005686064828916428,
0.00009132836894625327,
0.00010032199062203529,
0.00008186590223003470,
0.00004149485106078342,
-0.00000939993216037878,
-0.00005676287477619400,
-0.00008776058919388011,
-0.00009425048476042596,
-0.00007489193805509700,
-0.00003540018072026523,
0.00001316491421685447,
0.00005752752473071921,
0.00008585616541846254,
0.00009100956201141574,
0.00007243228994893799,
0.00003625190078359106,
-0.00000639112128117688,
-0.00004230462370272408,
-0.00005958926314406049,
-0.00005043192253565498,
-0.00001248469602287073,
0.00005163714272759143,
0.00013673757318448742,
0.00023895772754832918,
0.00036056986897710998,
0.00051504586871541221,
0.00073215083104781248,
0.00106333733330599320,
-0.00123843425073029830,
