0.00123843425073110410,
-0.00106333733330702430,
-0.00073215083104620298,
-0.00051504586871505649,
-0.00036056986897725358,
-0.00023895772755035729,
-0.00013673757318407253,
-0.00005163714272717430,
0.00001248469602272562,
0.00005043192253658064,
0.00005958926314342203,
0.00004230462370201302,
0.00000639112128122733,
-0.00003625190078296133,
-0.00007243228994852441,
-0.00009100956201117564,
-0.00008585616541877431,
-0.00005752752473140637,
-0.00001316491421643067,
0.00003540018072063050,
0.00007489193805524524,
0.00009425048475987009,
0.00008776058919409427,
0.00005676287477598834,
0.00000939993216040849,
-0.00004149485105984331,
-0.00008186590223015649,
-0.00010032199062246857,
-0.00009132836894538021,
-0.00005686064828958718,
-0.00000599129654918539,
0.00004749169944678234,
0.00008881634207363518,
0.00010631140520291524,
0.00009468392710897229,
0.00005663050322313233,
0.00000210011768941734,
-0.00005363630238411709,
-0.00009673483782290846,
-0.00011113262390371806,
-0.00009938827670563331,
-0.00005530843030479935,
0.00000274435172709474,
0.00005988442116927444,
0.00010346496150419634,
0.00011946800889044745,
0.00010131075454767787,
0.00005447812881200387,
-0.00000739557559546142,
-0.00006786858712998284,
-0.00011111848665217533,
-0.00012498256826011368,
-0.00010447467056515290,
-0.00005417192515972240,
0.00001244108524216639,
0.00007677909345634583,
0.00012067769693724286,
0.00013163788020827111,
0.00010626112230911045,
0.00005114120402808150,
-0.00001893287570602666,
-0.00008490471523396663,
-0.00012853599022918531,
-0.00013741445888332572,
-0.00010846117212589675,
-0.00004897786828212983,
0.00002513197109062916,
0.00009361302269496455,
0.00013738401581715504,
0.00014386555283020768,
0.00011060035176858300,
0.00004611209508853954,
-0.00003225835778609847,
-0.00010304012463783017,
-0.00014645435964414334,
-0.00015012353406964203,
-0.00011205912816450850,
-0.00004280000169274498,
0.00004026513145846600,
0.00011247906815696319,
0.00015578263209664500,
0.00015614944196406472,
0.00011308981273724820,
0.00003863598943341074,
-0.00004801003939167834,
-0.00012306536521528399,
-0.00016489175286835023,
-0.00016165596538494003,
-0.00011396197021310669,
-0.00003399909356369542,
0.00005692073221149818,
0.00013356523608963451,
0.00017422930115457928,
0.00016724988744322460,
0.00011404520461074462,
0.00002854408745485977,
-0.00006631258157307474,
-0.00014445100135111370,
-0.00018380608492905135,
-0.00017276055991715183,
-0.00011365806817469456,
-0.00002223293740149314,
0.00007668302523533028,
0.00015591843190575000,
0.00019332542756065121,
0.00017787107174965994,
0.00011291823802121590,
0.00001560894719932259,
-0.00008760791317521743,
-0.00016817627094092526,
-0.00020339234923487563,
-0.00018280880419225875,
-0.00011133451296212170,
-0.00000797201655787042,
0.00009905493839733695,
0.00018044599452185330,
0.00021292023900855125,
0.00018743098124302473,
0.00010929328598121410,
0.00000016751434043757,
-0.00011083139426351081,
-0.00019295172995787116,
-0.00022266321883213276,
-0.00019140762328598946,
-0.00010680080237502177,
0.00000881075540984008,
0.00012359834025447807,
0.00020573614130973852,
0.00023227306549868923,
0.00019496986128404313,
0.00010302454030700219,
-0.00001880646621207857,
-0.00013710968549094602,
-0.00021921882921324833,
-0.00024199293333004968,
-0.00019814973401671522,
-0.00009874747017815186,
0.00002945435877585479,
0.00015132717003301266,
0.00023312145804275965,
0.00025173147279082927,
0.00020106577576925962,
0.00009404067604643236,
-0.00004057097466998308,
-0.00016588354573875911,
-0.00024706879745600046,
-0.00026108723147846738,
-0.00020316958960754622,
-0.00008830242799132475,
0.00005260559929227392,
0.00018099388667485738,
0.00026112488435674257,
0.00027014922030911011,
0.00020445689447615148,
0.00008136376054691752,
-0.00006614898940820722,
-0.00019723131433884244,
-0.00027590370659566542,
-0.00027925489506744480,
-0.00020554132568559712,
-0.00007403299789495562,
0.00007996562204314927,
0.00021391992362709901,
0.00029057900693924270,
0.00028806798013147151,
0.00020579650245336673,
0.00006548529120577277,
-0.00009471209114889119,
-0.00023089918536621585,
-0.00030513966163789834,
-0.00029594134208985268,
-0.00020472518365802556,
-0.00005568057583176453,
0.00011084360167584797,
0.00024913812671444535,
0.00032051055425133090,
0.00030424513396274305,
0.00020369745800774910,
0.00004555389386352887,
-0.00012729819534213396,
-0.00026731117732983203,
-0.00033527946459879749,
-0.00031138749488480083,
-0.00020105156912990257,
-0.00003365727198549657,
0.00014530959634109081,
0.00028656667267933512,
0.00035055555470422017,
0.00031850258580666980,
0.00019798629093299060,
0.00002114855415119487,
-0.00016381521955517045,
-0.00030599797724179862,
-0.00036542411845338376,
-0.00032477010511363134,
-0.00019364812173538787,
-0.00000738049725373322,
0.00018349787886844801,
0.00032614487481514204,
0.00038046046697579142,
0.00033044799634221662,
0.00018840508114479048,
-0.00000757530294285662,
-0.00020397678743023573,
-0.00034665824701910999,
-0.00039540524982870480,
-0.00033543116736169906,
-0.00018199899396482004,
0.00002370948761498559,
0.00022558355432400460,
0.00036771888304991363,
0.00041003728661081893,
0.00033962531781860577,
0.00017447313201371281,
-0.00004108804051130338,
-0.00024811754268978510,
-0.00038922768545170925,
-0.00042459706447190061,
-0.00034310933342745906,
-0.00016574163106748029,
0.00005973860042353239,
0.00027159771461699497,
0.00041108454654008146,
0.00043877441982528127,
0.00034561613644198968,
0.00015576362091870608,
-0.00007957865820712845,
-0.00029594982816154530,
-0.00043328782998455328,
-0.00045267700223523784,
-0.00034722732475565192,
-0.00014454319236639968,
0.00010074654662607957,
0.00032124069661519742,
0.00045585054829465750,
0.00046609664311944294,
0.00034773415318609325,
0.00013180670454104545,
-0.00012331550704751916,
-0.00034753090246785238,
-0.00047859903769442128,
-0.00047907816079903692,
-0.00034712808173554649,
-0.00011764801563333617,
0.00014721955260120042,
0.00037477947188427216,
0.00050162377663637596,
0.00049147893460124584,
0.00034544858515564013,
0.00010209849224208348,
-0.00017254575460522181,
-0.00040293347152139508,
-0.00052488031012902796,
-0.00050337101938327489,
-0.00034251791721632630,
-0.00008501267185578607,
0.00019916909773612387,
0.00043187310290629475,
0.00054819826803080194,
0.00051451640083107863,
0.00033823666986665298,
0.00006630907742020545,
-0.00022729578842588531,
-0.00046174692453978508,
-0.00057156215960478020,
-0.00052482195795572242,
-0.00033249642022945003,
-0.00004592238684888008,
0.00025686873184886145,
0.00049249340517812043,
0.00059495831928857597,
0.00053436744699994639,
0.00032530490023399363,
0.00002383962073203069,
-0.00028798795400145137,
-0.00052408529660295583,
-0.00061832120689256235,
-0.00054295784461902972,
-0.00031661608852567939,
-0.00000003685114201161,
0.00032044209072541903,
0.00055638268894458531,
0.00064150522231711936,
0.00055047344693062434,
0.00030627116048385764,
-0.00002560075369910047,
-0.00035449673359230234,
-0.00058948401371165793,
-0.00066452610470480583,
-0.00055690261944612554,
-0.00029407963719570407,
0.00005321471651023990,
0.00039008402531217387,
0.00062336926368350431,
0.00068732230874065921,
0.00056215752338229614,
0.00028016115786515727,
-0.00008268206550470666,
-0.00042716996654335466,
-0.00065790757844870582,
-0.00070974042781959186,
-0.00056615628475055815,
-0.00026441802004940304,
0.00011407883610802478,
0.00046574234808754653,
0.00069305487327975767,
0.00073169018780867292,
0.00056865541395907063,
0.00024655822056194015,
-0.00014766115522088868,
-0.00050592031007684309,
-0.00072887927123066281,
-0.00075317586244631296,
-0.00056973607721385092,
-0.00022662867731146951,
0.00018334970944021715,
0.00054771562750957506,
0.00076530365082395479,
0.00077413540717381562,
0.00056921536649232659,
0.00020456478743026445,
-0.00022111950316967995,
-0.00059098184818034809,
-0.00080213265460266038,
-0.00079430879628827932,
-0.00056692510079735334,
-0.00018008044351452911,
0.00026129053706791527,
0.00063596297475648235,
0.00083961230862202865,
0.00081382229170192126,
0.00056287817126636616,
0.00015332981387495973,
-0.00030366739720710746,
-0.00068246436608874268,
-0.00087742535936962654,
-0.00083241812500628053,
-0.00055690523114904815,
-0.00012409002894686708,
0.00034841921680074867,
0.00073054765073715016,
0.00091560024048756500,
0.00084999815177176879,
0.00054874030002837197,
0.00009207889939209751,
-0.00039574661187601669,
-0.00078036401082828518,
-0.00095419631808035148,
-0.00086662913077051383,
-0.00053849310646225733,
-0.00005748850621609800,
0.00044546318083264817,
0.00083163627459764179,
0.00099290891903249944,
0.00088190241748580997,
0.00052577881958510320,
0.00001987673091064845,
-0.00049795198127251859,
-0.00088478342537584912,
-0.00103204651847946880,
-0.00089605342786511525,
-0.00051074618576729995,
0.00002061124401528304,
0.00055302442272263754,
0.00093943066349092940,
0.00107121344346978230,
0.00090867608051046556,
0.00049297208642750268,
-0.00006429613487136769,
-0.00061098553780588618,
-0.00099587534046551691,
-0.00111052690806647390,
-0.00091979860889536489,
-0.00047244443258859817,
0.00011126677909942480,
0.00067180289652563096,
0.00105396292895483500,
0.00114984990014041260,
0.00092922684100028993,
0.00044891468703946771,
-0.00016173037447134706,
-0.00073568222336529868,
-0.00111385619195208780,
-0.00118918229626289400,
-0.00093682741666948645,
-0.00042223558033315889,
0.00021586175084878581,
0.00080272524596837838,
0.00117556146822073980,
0.00122843293440662410,
0.00094250310641488821,
0.00039225318307469133,
-0.00027377231525240679,
-0.00087304494720661773,
-0.00123908242203834580,
-0.00126752631901879350,
-0.00094599485296706506,
-0.00035864834487860564,
0.00033580863233106890,
0.00094686187550814180,
0.00130449654591563960,
0.00130641349172632610,
0.00094719199727358512,
0.00032121527349100618,
-0.00040214486530925248,
-0.00102431455385122150,
-0.00137189976472196670,
-0.00134502399588806030,
-0.00094593757419868024,
-0.00027976906053878164,
0.00047304923276537475,
0.00110561408490562480,
0.00144138003609495460,
0.00138335232795835950,
0.00094201046909091386,
0.00023395643200492056,
-0.00054881159803463642,
-0.00119096277889175130,
-0.00151297179393426630,
-0.00142120997940191710,
-0.00093513194181591125,
-0.00018345555287460489,
0.00062981071461011941,
0.00128070075479262540,
0.00158685328954320630,
0.00145862071179247860,
0.00092509377006620372,
0.00012790122072545767,
-0.00071643720289014208,
-0.00137509248360380160,
-0.00166317109060340080,
-0.00149551337479576690,
-0.00091167470976706100,
-0.00006691388006573216,
0.00080909552223788143,
0.00147451504698923180,
0.00174210332160017690,
0.00153184240196543370,
0.00089457330333536514,
0.00000003445506192828,
-0.00090826912436283780,
-0.00157932125676983700,
-0.00182380460416249530,
-0.00156745982000469780,
-0.00087339849140691684,
0.00007326555263127250,
0.00101460174973392030,
0.00169006986274319960,
0.00190858178364321580,
0.00160238871087461430,
0.00084779851722420181,
-0.00015360788892672305,
-0.00112872780129774620,
-0.00180730219175815100,
-0.00199671059151922990,
-0.00163651185322319150,
-0.00081735090375996107,
0.00024166175322359559,
0.00125144430425683850,
0.00193166539634130720,
0.00208852819611671280,
0.00166978188341759880,
0.00078157320681694197,
-0.00033826514605395048,
-0.00138368377012627890,
-0.00206400963916693410,
-0.00218453593220981150,
-0.00170215852526501080,
-0.00073984280287431130,
0.00044441539336205244,
0.00152661438480086340,
0.00220529518303726930,
0.00228526221853087190,
0.00173358324146871730,
0.00069155907425958449,
-0.00056116737230342876,
-0.00168146806214485650,
-0.00235662246394282520,
-0.00239132508688103770,
-0.00176394617036194780,
-0.00063583943489237463,
0.00068996725181274220,
0.00184992812895196870,
0.00251944646101382720,
0.00250353334936388900,
0.00179322980537817380,
0.00057174049708778667,
-0.00083249543052428901,
-0.00203394066420491470,
-0.00269552933039881150,
-0.00262295686627221940,
-0.00182140359610559340,
-0.00049813917415597261,
0.00099074066307545342,
0.00223587824028053390,
0.00288690490056614170,
0.00275072056448220870,
0.00184832052885181460,
0.00041347914602099089,
-0.00116735064558718130,
-0.00245886199326434290,
-0.00309640768810249750,
-0.00288858218652769020,
-0.00187405787424097600,
-0.00031610702128844322,
0.00136536387299027130,
0.00270654219155568250,
0.00332728471560083270,
0.00303837737903101980,
0.00189844369492878000,
0.00020362284038209116,
-0.00158894182989116860,
-0.00298386425392218510,
-0.00358396436796286010,
-0.00320278253539549610,
-0.00192148888119558440,
-0.00007315313060261462,
0.00184329956829839080,
0.00329715208333963190,
0.00387219721361815650,
0.00338527849628306570,
0.00194321619531858310,
-0.00007908720743780235,
-0.00213531141749254180,
-0.00365463228576172260,
-0.00419939868695312630,
-0.00359028052987806320,
-0.00196342214323588700,
0.00025831116041378328,
0.00247432340999284530,
0.00406769076641998620,
0.00457595298988972690,
0.00382415374510687360,
0.00198223707643066520,
-0.00047139868516326791,
-0.00287299035312526320,
-0.00455174812571963390,
-0.00501597148951699740,
-0.00409542869426872580,
-0.00199945184800127880,
0.00072833850969083026,
0.00334950865606642180,
0.00512911996805589820,
0.00553999226037509790,
0.00441678335503464980,
0.00201520065510530070,
-0.00104327922140130700,
-0.00393017319066341420,
-0.00583224545030446190,
-0.00617809239631233500,
-0.00480678874810969770,
-0.00202937467174174910,
0.00143785221909885220,
0.00465519541835003080,
0.00671113739414122120,
0.00697698395728482780,
0.00529455154501003430,
0.00204192425138097040,
-0.00194631583221021340,
-0.00558895334913400450,
-0.00784662040802199150,
-0.00801294168524856530,
-0.00592817363851353730,
-0.00205284603128342340,
0.00262632069318948510,
0.00684117293253539310,
0.00937828161396973140,
0.00941940124872915620,
0.00679290938830333020,
0.00206213079689664470,
-0.00358332130676175180,
-0.00861578384823379930,
-0.01156988787410520100,
-0.01145317768577895500,
-0.00805604209263062650,
-0.00206975790533132620,
0.00503279892617809230,
0.01133918905426897100,
0.01498666567589287400,
0.01467913658299638600,
0.01009604790347613500,
0.00207570070796079310,
-0.00749446758895972590,
-0.01607743465803787900,
-0.02109836678018112800,
-0.02063082039845172100,
-0.01399046236707131100,
-0.00207996118208949800,
0.01262199713279312000,
0.02645528154152697700,
0.03529431616599455100,
0.03544243872642704300,
0.02451109682218340400,
0.00208251746571346850,
-0.03000684404296597200,
-0.06784634109806399200,
-0.10607880354605896000,
-0.13885973124648815000,
-0.16095510451302719000,
0.83124995928085033000,
-0.16095510451302719000,
-0.13885973124648815000,
-0.10607880354605896000,
-0.06784634109806399200,
-0.03000684404296597200,
0.00208251746571346850,
0.02451109682218340400,
0.03544243872642704300,
0.03529431616599455100,
0.02645528154152697700,
0.01262199713279312000,
-0.00207996118208949800,
-0.01399046236707131100,
-0.02063082039845172100,
-0.02109836678018112800,
-0.01607743465803787900,
-0.00749446758895972590,
0.00207570070796079310,
0.01009604790347613500,
0.01467913658299638600,
0.01498666567589287400,
0.01133918905426897100,
0.00503279892617809230,
-0.00206975790533132620,
-0.00805604209263062650,
-0.01145317768577895500,
-0.01156988787410520100,
-0.00861578384823379930,
-0.00358332130676175180,
0.00206213079689664470,
0.00679290938830333020,
0.00941940124872915620,
0.00937828161396973140,
0.00684117293253539310,
0.00262632069318948510,
-0.00205284603128342340,
-0.00592817363851353730,
-0.00801294168524856530,
-0.00784662040802199150,
-0.00558895334913400450,
-0.00194631583221021340,
0.00204192425138097040,
0.00529455154501003430,
0.00697698395728482780,
0.00671113739414122120,
0.00465519541835003080,
0.00143785221909885220,
-0.00202937467174174910,
-0.00480678874810969770,
-0.00617809239631233500,
-0.00583224545030446190,
-0.00393017319066341420,
-0.00104327922140130700,
0.00201520065510530070,
0.00441678335503464980,
0.00553999226037509790,
0.00512911996805589820,
0.00334950865606642180,
0.00072833850969083026,
-0.00199945184800127880,
-0.00409542869426872580,
-0.00501597148951699740,
-0.00455174812571963390,
-0.00287299035312526320,
-0.00047139868516326791,
0.00198223707643066520,
0.00382415374510687360,
0.00457595298988972690,
0.00406769076641998620,
0.00247432340999284530,
0.00025831116041378328,
-0.00196342214323588700,
-0.00359028052987806320,
-0.00419939868695312630,
-0.00365463228576172260,
-0.00213531141749254180,
-0.00007908720743780235,
0.00194321619531858310,
0.00338527849628306570,
0.00387219721361815650,
0.00329715208333963190,
0.00184329956829839080,
-0.00007315313060261462,
-0.00192148888119558440,
-0.00320278253539549610,
-0.00358396436796286010,
-0.00298386425392218510,
-0.00158894182989116860,
0.00020362284038209116,
0.00189844369492878000,
0.00303837737903101980,
0.00332728471560083270,
0.00270654219155568250,
0.00136536387299027130,
-0.00031610702128844322,
-0.00187405787424097600,
-0.00288858218652769020,
-0.00309640768810249750,
-0.00245886199326434290,
-0.00116735064558718130,
0.00041347914602099089,
0.00184832052885181460,
0.00275072056448220870,
0.00288690490056614170,
0.00223587824028053390,
0.00099074066307545342,
-0.00049813917415597261,
-0.00182140359610559340,
-0.00262295686627221940,
-0.00269552933039881150,
-0.00203394066420491470,
-0.00083249543052428901,
0.00057174049708778667,
0.00179322980537817380,
0.00250353334936388900,
0.00251944646101382720,
0.00184992812895196870,
0.00068996725181274220,
-0.00063583943489237463,
-0.00176394617036194780,
-0.00239132508688103770,
-0.00235662246394282520,
-0.00168146806214485650,
-0.00056116737230342876,
0.00069155907425958449,
0.00173358324146871730,
0.00228526221853087190,
0.00220529518303726930,
0.00152661438480086340,
0.00044441539336205244,
-0.00073984280287431130,
-0.00170215852526501080,
-0.00218453593220981150,
-0.00206400963916693410,
-0.00138368377012627890,
-0.00033826514605395048,
0.00078157320681694197,
0.00166978188341759880,
0.00208852819611671280,
0.00193166539634130720,
0.00125144430425683850,
0.00024166175322359559,
-0.00081735090375996107,
-0.00163651185322319150,
-0.00199671059151922990,
-0.00180730219175815100,
-0.00112872780129774620,
-0.00015360788892672305,
0.00084779851722420181,
0.00160238871087461430,
0.00190858178364321580,
0.00169006986274319960,
0.00101460174973392030,
0.00007326555263127250,
-0.00087339849140691684,
-0.00156745982000469780,
-0.00182380460416249530,
-0.00157932125676983700,
-0.00090826912436283780,
0.00000003445506192828,
0.00089457330333536514,
0.00153184240196543370,
0.00174210332160017690,
0.00147451504698923180,
0.00080909552223788143,
-0.00006691388006573216,
-0.00091167470976706100,
-0.00149551337479576690,
-0.00166317109060340080,
-0.00137509248360380160,
-0.00071643720289014208,
0.00012790122072545767,
0.00092509377006620372,
0.00145862071179247860,
0.00158685328954320630,
0.00128070075479262540,
0.00062981071461011941,
-0.00018345555287460489,
-0.00093513194181591125,
-0.00142120997940191710,
-0.00151297179393426630,
-0.00119096277889175130,
-0.00054881159803463642,
0.00023395643200492056,
0.00094201046909091386,
0.00138335232795835950,
0.00144138003609495460,
0.00110561408490562480,
0.00047304923276537475,
-0.00027976906053878164,
-0.00094593757419868024,
-0.00134502399588806030,
-0.00137189976472196670,
-0.00102431455385122150,
-0.00040214486530925248,
0.00032121527349100618,
0.00094719199727358512,
0.00130641349172632610,
0.00130449654591563960,
0.00094686187550814180,
0.00033580863233106890,
-0.00035864834487860564,
-0.00094599485296706506,
-0.00126752631901879350,
-0.00123908242203834580,
-0.00087304494720661773,
-0.00027377231525240679,
0.00039225318307469133,
0.00094250310641488821,
0.00122843293440662410,
0.00117556146822073980,
0.00080272524596837838,
0.00021586175084878581,
-0.00042223558033315889,
-0.00093682741666948645,
-0.00118918229626289400,
-0.00111385619195208780,
-0.00073568222336529868,
-0.00016173037447134706,
0.00044891468703946771,
0.00092922684100028993,
0.00114984990014041260,
0.00105396292895483500,
0.00067180289652563096,
0.00011126677909942480,
-0.00047244443258859817,
-0.00091979860889536489,
-0.00111052690806647390,
-0.00099587534046551691,
-0.00061098553780588618,
-0.00006429613487136769,
0.00049297208642750268,
0.00090867608051046556,
0.00107121344346978230,
0.00093943066349092940,
0.00055302442272263754,
0.00002061124401528304,
-0.00051074618576729995,
-0.00089605342786511525,
-0.00103204651847946880,
-0.00088478342537584912,
-0.00049795198127251859,
0.00001987673091064845,
0.00052577881958510320,
0.00088190241748580997,
0.00099290891903249944,
0.00083163627459764179,
0.00044546318083264817,
-0.00005748850621609800,
-0.00053849310646225733,
-0.00086662913077051383,
-0.00095419631808035148,
-0.00078036401082828518,
-0.00039574661187601669,
0.00009207889939209751,
0.00054874030002837197,
0.00084999815177176879,
0.00091560024048756500,
0.00073054765073715016,
0.00034841921680074867,
-0.00012409002894686708,
-0.00055690523114904815,
-0.00083241812500628053,
-0.00087742535936962654,
-0.00068246436608874268,
-0.00030366739720710746,
0.00015332981387495973,
0.00056287817126636616,
0.00081382229170192126,
0.00083961230862202865,
0.00063596297475648235,
0.00026129053706791527,
-0.00018008044351452911,
-0.00056692510079735334,
-0.00079430879628827932,
-0.00080213265460266038,
-0.00059098184818034809,
-0.00022111950316967995,
0.00020456478743026445,
0.00056921536649232659,
0.00077413540717381562,
0.00076530365082395479,
0.00054771562750957506,
0.00018334970944021715,
-0.00022662867731146951,
-0.00056973607721385092,
-0.00075317586244631296,
-0.00072887927123066281,
-0.00050592031007684309,
-0.00014766115522088868,
0.00024655822056194015,
0.00056865541395907063,
0.00073169018780867292,
0.00069305487327975767,
0.00046574234808754653,
0.00011407883610802478,
-0.00026441802004940304,
-0.00056615628475055815,
-0.00070974042781959186,
-0.00065790757844870582,
-0.00042716996654335466,
-0.00008268206550470666,
0.00028016115786515727,
0.00056215752338229614,
0.00068732230874065921,
0.00062336926368350431,
0.00039008402531217387,
0.00005321471651023990,
-0.00029407963719570407,
-0.00055690261944612554,
-0.00066452610470480583,
-0.00058948401371165793,
-0.00035449673359230234,
-0.00002560075369910047,
0.00030627116048385764,
0.00055047344693062434,
0.00064150522231711936,
0.00055638268894458531,
0.00032044209072541903,
-0.00000003685114201161,
-0.00031661608852567939,
-0.00054295784461902972,
-0.00061832120689256235,
-0.00052408529660295583,
-0.00028798795400145137,
0.00002383962073203069,
0.00032530490023399363,
0.00053436744699994639,
0.00059495831928857597,
0.00049249340517812043,
0.00025686873184886145,
-0.00004592238684888008,
-0.00033249642022945003,
-0.00052482195795572242,
-0.00057156215960478020,
-0.00046174692453978508,
-0.00022729578842588531,
0.00006630907742020545,
0.00033823666986665298,
0.00051451640083107863,
0.00054819826803080194,
0.00043187310290629475,
0.00019916909773612387,
-0.00008501267185578607,
-0.00034251791721632630,
-0.00050337101938327489,
-0.00052488031012902796,
-0.00040293347152139508,
-0.00017254575460522181,
0.00010209849224208348,
0.00034544858515564013,
0.00049147893460124584,
0.00050162377663637596,
0.00037477947188427216,
0.00014721955260120042,
-0.00011764801563333617,
-0.00034712808173554649,
-0.00047907816079903692,
-0.00047859903769442128,
-0.00034753090246785238,
-0.00012331550704751916,
0.00013180670454104545,
0.00034773415318609325,
0.00046609664311944294,
0.00045585054829465750,
0.00032124069661519742,
0.00010074654662607957,
-0.00014454319236639968,
-0.00034722732475565192,
-0.00045267700223523784,
-0.00043328782998455328,
-0.00029594982816154530,
-0.00007957865820712845,
0.00015576362091870608,
0.00034561613644198968,
0.00043877441982528127,
0.00041108454654008146,
0.00027159771461699497,
0.00005973860042353239,
-0.00016574163106748029,
-0.00034310933342745906,
-0.00042459706447190061,
-0.00038922768545170925,
-0.00024811754268978510,
-0.00004108804051130338,
0.00017447313201371281,
0.00033962531781860577,
0.00041003728661081893,
0.00036771888304991363,
0.00022558355432400460,
0.00002370948761498559,
-0.00018199899396482004,
-0.00033543116736169906,
-0.00039540524982870480,
-0.00034665824701910999,
-0.00020397678743023573,
-0.00000757530294285662,
0.00018840508114479048,
0.00033044799634221662,
0.00038046046697579142,
0.00032614487481514204,
0.00018349787886844801,
-0.00000738049725373322,
-0.00019364812173538787,
-0.00032477010511363134,
-0.00036542411845338376,
-0.00030599797724179862,
-0.00016381521955517045,
0.00002114855415119487,
0.00019798629093299060,
0.00031850258580666980,
0.00035055555470422017,
0.00028656667267933512,
0.00014530959634109081,
-0.00003365727198549657,
-0.00020105156912990257,
-0.00031138749488480083,
-0.00033527946459879749,
-0.00026731117732983203,
-0.00012729819534213396,
0.00004555389386352887,
0.00020369745800774910,
0.00030424513396274305,
0.00032051055425133090,
0.00024913812671444535,
0.00011084360167584797,
-0.00005568057583176453,
-0.00020472518365802556,
-0.00029594134208985268,
-0.00030513966163789834,
-0.00023089918536621585,
-0.00009471209114889119,
0.00006548529120577277,
0.00020579650245336673,
0.00028806798013147151,
0.00029057900693924270,
0.00021391992362709901,
0.00007996562204314927,
-0.00007403299789495562,
-0.00020554132568559712,
-0.00027925489506744480,
-0.00027590370659566542,
-0.00019723131433884244,
-0.00006614898940820722,
0.00008136376054691752,
0.00020445689447615148,
0.00027014922030911011,
0.00026112488435674257,
0.00018099388667485738,
0.00005260559929227392,
-0.00008830242799132475,
-0.00020316958960754622,
-0.00026108723147846738,
-0.00024706879745600046,
-0.00016588354573875911,
-0.00004057097466998308,
0.00009404067604643236,
0.00020106577576925962,
0.00025173147279082927,
0.00023312145804275965,
0.00015132717003301266,
0.00002945435877585479,
-0.00009874747017815186,
-0.00019814973401671522,
-0.00024199293333004968,
-0.00021921882921324833,
-0.00013710968549094602,
-0.00001880646621207857,
0.00010302454030700219,
0.00019496986128404313,
0.00023227306549868923,
0.00020573614130973852,
0.00012359834025447807,
0.00000881075540984008,
-0.00010680080237502177,
-0.00019140762328598946,
-0.00022266321883213276,
-0.00019295172995787116,
-0.00011083139426351081,
0.00000016751434043757,
0.00010929328598121410,
0.00018743098124302473,
0.00021292023900855125,
0.00018044599452185330,
0.00009905493839733695,
-0.00000797201655787042,
-0.00011133451296212170,
-0.00018280880419225875,
-0.00020339234923487563,
-0.00016817627094092526,
-0.00008760791317521743,
0.00001560894719932259,
0.00011291823802121590,
0.00017787107174965994,
0.00019332542756065121,
0.00015591843190575000,
0.00007668302523533028,
-0.00002223293740149314,
-0.00011365806817469456,
-0.00017276055991715183,
-0.00018380608492905135,
-0.00014445100135111370,
-0.00006631258157307474,
0.00002854408745485977,
0.00011404520461074462,
0.00016724988744322460,
0.00017422930115457928,
0.00013356523608963451,
0.00005692073221149818,
-0.00003399909356369542,
-0.00011396197021310669,
-0.00016165596538494003,
-0.00016489175286835023,
-0.00012306536521528399,
-0.00004801003939167834,
0.00003863598943341074,
0.00011308981273724820,
0.00015614944196406472,
0.00015578263209664500,
0.00011247906815696319,
0.00004026513145846600,
-0.00004280000169274498,
-0.00011205912816450850,
-0.00015012353406964203,
-0.00014645435964414334,
-0.00010304012463783017,
-0.00003225835778609847,
0.00004611209508853954,
0.00011060035176858300,
0.00014386555283020768,
0.00013738401581715504,
0.00009361302269496455,
0.00002513197109062916,
-0.00004897786828212983,
-0.00010846117212589675,
-0.00013741445888332572,
-0.00012853599022918531,
-0.00008490471523396663,
-0.00001893287570602666,
0.00005114120402808150,
0.00010626112230911045,
0.00013163788020827111,
0.00012067769693724286,
0.00007677909345634583,
0.00001244108524216639,
-0.00005417192515972240,
-0.00010447467056515290,
-0.00012498256826011368,
-0.00011111848665217533,
-0.00006786858712998284,
-0.00000739557559546142,
0.00005447812881200387,
0.00010131075454767787,
0.00011946800889044745,
0.00010346496150419634,
0.00005988442116927444,
0.00000274435172709474,
-0.00005530843030479935,
-0.00009938827670563331,
-0.00011113262390371806,
-0.00009673483782290846,
-0.00005363630238411709,
0.00000210011768941734,
0.00005663050322313233,
0.00009468392710897229,
0.00010631140520291524,
0.00008881634207363518,
0.00004749169944678234,
-0.00000599129654918539,
-0.00005686064828958718,
-0.00009132836894538021,
-0.00010032199062246857,
-0.00008186590223015649,
-0.00004149485105984331,
0.00000939993216040849,
0.00005676287477598834,
0.00008776058919409427,
0.00009425048475987009,
0.00007489193805524524,
0.00003540018072063050,
-0.00001316491421643067,
-0.00005752752473140637,
-0.00008585616541877431,
-0.00009100956201117564,
-0.00007243228994852441,
-0.00003625190078296133,
0.00000639112128122733,
0.00004230462370201302,
0.00005958926314342203,
0.00005043192253658064,
0.00001248469602272562,
-0.00005163714272717430,
-0.00013673757318407253,
-0.00023895772755035729,
-0.00036056986897725358,
-0.00051504586871505649,
-0.00073215083104620298,
-0.00106333733330702430,
0.00123843425073110410,
